111,1 91. 9. [1113110111. omn. cuplaxvlll. pug- 96

1 111. 1111 1 1 mx.. 111
1 11. 4. 1111 1 ’ .111
111. 1. 1111 1 ¹ 1 1111111. . 11
11 97. 4. ” 114 11 11141
1 1111111111 1 . 111
1 111. 1111 1 1 . 1111
11111. 1111 1. 1111
11111. 1111 1 „ 1111
” 1031411119 ” ⁴ 11 102
1111111111 1 1111
1111111111 1 1 111
1111. 1. 1111 1 1 111
1 111. 1. 1111 1 1111
11111. 1111 ’ 1 111141 Ι
1111. 1. 1111 1 111

1 111. 1. 1111 1 1111

. 11111.’1. ” 126 1. ’1146
’ 111· 4. ” 126 11 ’· 146
11 111· 2· ⁹ 127 11 n 147
1 112. 3. ” 127 ’1 1· 1171717111. 1 109 ’
111123· ’1128 ’1 ’1 11111111111111
’1 112· 3. 11 128 u in praefatione.
11 112. 4. 11128 11 6111).ῙιΧΧ’ΧῙ.Δ” 108 .
” 112. 5. 1128 ’1 ” 1111111111.1111
” 1131. ” 129 11 , ’1147
’ 113. 2. '¹ 129 11 1 111. 11147
111111. ” 130 1 11 79
1 114. 5. ’1 161 ,11 ’1147
1 116. 4. ’1133 1· 1 11 79
1. 117.1. 1· 133 11 1. Lxxxv. 1· 112
11 117.4. ’1134 1· 11 Lxxxvl. 1.· 116
u 118. ³„ 11135 11 ,qe 11111111111116
11 118. 4. 11 135 11 1 hxxxvnm 117
” 119. 2. ” 136 11 1 1111111111.1117

 

